  9 305 344
 10  32 377
 11  63 306
 12  62 310
 13   3  12
 16   0 200
 17  70 200
 18  60 200
 19   6 200
 20 143 200
 21  54 200
 22   2 200
 23   3 200
 24  13  70
 25 235  60
 26   0   6
 27   4 143
 28 235  54
 29   0   2
 30 244   3
 31 203  13
 32   2 235
 33 264   0
 34 103   4
 35 240 235
 36 225   0
 37 200 244
 38   0 203
 39   1   2
 40  16 264
 41 150 103
 42 145 240
 43 154 225
 44 154 200
 45 157   0
 46 167   1
 47 157  16
 48 162 150
 49 154 145
 50 144 154
 51  56 154
 52 164 157
 53 170 167
 54 164 157
 55  12 162
 56   3 154
 57  23 144
 58 176  56
 59  16 164
 60 253 170
 61 133 164
 62 126  12
 63 351   3
 64  16  23
 65  32 176
 66 150  16
 67 145 253
 68 154 133
 69 154 126
 70 157 351
 71  40  16
 72 154  32
 73 151 150
 74 142 145
 75 141 154
 76 162 154
 77 143 157
 78 150  40
 79 151 154
 80 166 151
 81 145 142
 82  40 141
 83 164 162
 84 145 143
 85 163 150
 86 164 151
 87  40 166
 88 163 145
 89 165  40
 90 151 164
 91 164 145
 92 145 163
 93  41 164
 94  12  40
 95  35 163
 96 167 165
 97 126 151
 98 121 164
 99   3 145
100   5  41
101   4  12
102   0  35
